"POS" "REF" "ALT" "CHROM" "NREF" "NALT" "NREF_FWD" "NREF_REV" "NREF_BOTH" "NALT_FWD" "NALT_REV" "NALT_BOTH" "FS"
16149693 "C" "T" 22 0 0 0 0 0 0 0 0 NA
17414640 "G" "A" 22 0 0 0 0 0 0 0 0 NA
17660615 "C" "T" 22 201 2 93 108 0 2 0 0 6.6199594847128
17700284 "C" "T" 22 18 29 5 13 0 9 20 0 0
18902852 "C" "T" 22 0 0 0 0 0 0 0 0 NA
18907156 "G" "C" 22 0 0 0 0 0 0 0 0 NA
18986038 "A" "G" 22 0 0 0 0 0 0 0 0 NA
19006226 "T" "C" 22 0 0 0 0 0 0 0 0 NA
19109902 "A" "T" 22 101 2 0 101 0 0 2 0 0
19438362 "A" "G" 22 52 11 26 26 0 5 6 0 0
19706305 "G" "T" 22 0 0 0 0 0 0 0 0 NA
19772757 "T" "C" 22 0 0 0 0 0 0 0 0 NA
19898886 "C" "T" 22 1 0 0 1 0 0 0 0 0
19957787 "C" "T" 22 0 4 0 0 0 0 4 0 0
20052566 "G" "A" 22 97 64 53 44 0 40 24 0 4.76344584797821
20117046 "T" "C" 22 0 0 0 0 0 0 0 0 NA
20711958 "G" "A" 22 0 0 0 0 0 0 0 0 NA
20942192 "G" "A" 22 1 1 0 1 0 1 0 0 0
21344920 "G" "C" 22 10 5 5 5 0 2 3 0 0
21399227 "C" "A" 22 0 0 0 0 0 0 0 0 NA
21418194 "G" "T" 22 0 0 0 0 0 0 0 0 NA
21921920 "G" "T" 22 0 0 0 0 0 0 0 0 NA
21988524 "C" "T" 22 1 0 1 0 0 0 0 0 0
22115886 "C" "T" 22 457 38 271 187 1 24 14 0 1.35597168922138
22313829 "A" "C" 22 8 14 3 5 0 6 8 0 0
22694656 "C" "T" 22 0 0 0 0 0 0 0 0 NA
22802210 "T" "G" 22 0 0 0 0 0 0 0 0 NA
23035792 "C" "T" 22 1 0 1 0 0 0 0 0 0
23040389 "G" "C" 22 1 1 1 0 0 1 0 0 0
23736241 "G" "A" 22 0 0 0 0 0 0 0 0 NA
23740130 "G" "A" 22 0 0 0 0 0 0 0 0 NA
24001094 "C" "T" 22 8 14 4 4 0 7 7 0 0
24226520 "G" "C" 22 47 0 30 18 1 0 0 0 0
24313868 "C" "G" 22 81 2 19 62 0 0 2 0 0
24995202 "G" "A" 22 1 0 0 1 0 0 0 0 0
25082478 "T" "A" 22 0 0 0 0 0 0 0 0 NA
25320738 "C" "T" 22 0 0 0 0 0 0 0 0 NA
25589290 "T" "A" 22 12 0 9 3 0 0 0 0 0
26879691 "T" "C" 22 61 1 1 60 0 0 1 0 0
26910295 "A" "G" 22 30 7 11 19 0 1 6 0 4.09947025402054
26920312 "G" "A" 22 21 1 15 6 0 1 0 0 0
26936897 "G" "A" 22 210 35 86 124 0 20 15 0 10.1498703214222
27709560 "G" "A" 22 0 0 0 0 0 0 0 0 NA
28374219 "G" "A" 22 5 8 5 0 0 4 4 0 9.7924477840938
28398298 "G" "A" 22 4 0 0 4 0 0 0 0 0
29422227 "C" "T" 22 0 0 0 0 0 0 0 0 NA
29671915 "T" "G" 22 2 0 1 1 0 0 0 0 0
29725639 "G" "A" 22 41 3 18 23 0 0 3 0 5.88501310063064
29908072 "C" "T" 22 236 48 124 112 0 18 30 0 10.9252956294249
29977177 "C" "T" 22 0 0 0 0 0 0 0 0 NA
30423744 "G" "A" 22 63 7 12 51 0 2 5 0 2.07038213667589
30691919 "G" "A" 22 12 0 5 7 0 0 0 0 0
31483934 "T" "C" 22 4 0 1 3 0 0 0 0 0
32200161 "T" "C" 22 37 0 32 5 0 0 0 0 0
32668527 "T" "G" 22 0 0 0 0 0 0 0 0 NA
32831809 "A" "G" 22 0 0 0 0 0 0 0 0 NA
33257322 "T" "C" 22 0 0 0 0 0 0 0 0 NA
35590814 "C" "T" 22 1 0 0 1 0 0 0 0 0
36569062 "A" "T" 22 0 0 0 0 0 0 0 0 NA
36662677 "T" "C" 22 126 15 22 104 0 2 13 0 0
37344580 "C" "T" 22 0 0 0 0 0 0 0 0 NA
37621358 "C" "G" 22 1744 0 1735 10 1 0 0 0 0
37770066 "G" "T" 22 0 0 0 0 0 0 0 0 NA
37962646 "G" "A" 22 2 0 1 1 0 0 0 0 0
38035308 "T" "C" 22 1 0 0 1 0 0 0 0 0
38170046 "C" "T" 22 162 17 35 127 0 4 13 0 1.15285083913986
38212624 "C" "T" 22 182 0 91 91 0 0 0 0 0
38880687 "C" "T" 22 0 2760 0 0 0 1637 1128 5 0
39181795 "C" "T" 22 0 0 0 0 0 0 0 0 NA
39267378 "G" "T" 22 17 1 10 7 0 0 1 0 3.52182518111362
39691221 "G" "A" 22 0 0 0 0 0 0 0 0 NA
39771687 "C" "T" 22 2 0 1 1 0 0 0 0 0
42276742 "G" "C" 22 316 238 129 187 0 109 129 0 5.84787979141844
42480184 "C" "T" 22 26 0 6 20 0 0 0 0 0
42907859 "G" "A" 22 266 0 122 144 0 0 0 0 0
42981678 "T" "C" 22 438 101 196 244 2 35 66 0 11.2510268981167
43289473 "G" "A" 22 133 42 92 41 0 24 18 0 7.21484709198281
43435427 "G" "A" 22 1 0 0 1 0 0 0 0 0
43562829 "G" "T" 22 240 112 134 106 0 62 50 0 0
43579083 "G" "A" 22 509 78 196 314 1 33 45 0 2.72115602650077
43807263 "A" "G" 22 0 0 0 0 0 0 0 0 NA
43894121 "C" "T" 22 0 0 0 0 0 0 0 0 NA
43949640 "T" "G" 22 0 0 0 0 0 0 0 0 NA
45590861 "G" "A" 22 71 8 22 49 0 2 6 0 0
46506929 "C" "A" 22 4 2 2 2 0 2 0 0 3.30993219041424
46638171 "G" "A" 22 47 6 36 11 0 3 3 0 4.90986401671649
46638670 "C" "A" 22 72 3 31 41 0 2 1 0 2.37154568603709
46656805 "G" "A" 22 0 0 0 0 0 0 0 0 NA
46664741 "T" "C" 22 1 0 1 0 0 0 0 0 0
46727375 "C" "T" 22 177 0 76 102 1 0 0 0 0
46805772 "C" "T" 22 5 1 3 2 0 0 1 0 0
46877389 "G" "A" 22 0 0 0 0 0 0 0 0 NA
50317418 "C" "T" 22 44 0 22 22 0 0 0 0 0
50572473 "G" "A" 22 0 0 0 0 0 0 0 0 NA
50633436 "C" "T" 22 739 29 470 270 1 16 13 0 3.63743815315749
50658053 "A" "G" 22 0 38 0 0 0 25 13 0 0
50877166 "G" "C" 22 103 196 49 54 0 101 95 0 2.64212882435292
51039689 "G" "A" 22 0 0 0 0 0 0 0 0 NA
51049217 "C" "T" 22 4 0 1 3 0 0 0 0 0
51216149 "C" "A" 22 7 2 7 0 0 2 0 0 0
